# E-Graph Variants - Generated Training Data
# Format: name|seed_idx|variant_idx|node_count|depth|cost|features...
#
eg0000v0|0|0|9|5|17|45056,49408,25088,35329,27394,47875,27654,27655,25090,24833,40960,16640,26881,18946,39427,19206,19207,16642,0,22528,14592,35073,14850,14851,30720,10240,55552,55553,30720,30720,0,0
eg0000v1|0|1|9|5|17|45056,24832,49409,25092,35333,27402,47883,27670,27671,25094,0,40960,16640,26881,18946,39427,19206,19207,16642,0,22528,14592,35073,14850,14851,30720,10240,55552,55553,30720,30720,0
eg0001v0|1|0|11|6|45|18432,24832,23040,21248,23552,5376,10753,23298,19460,5384,4867,45056,43264,41472,43776,25600,30977,43522,39684,25608,25091,14336,12544,14848,62208,49152,51456,33280,14336,61696,0,26624,39168,35328,21248,20737,14336,10496,61952,18432,4352,0,0
eg0002v0|2|0|16|6|29|26624,41216,39424,29440,25600,21760,23809,31745,23810,21763,43521,33538,21508,39683,39942,21772,20737,45056,43264,33280,29440,25600,27649,35585,27650,25603,47361,37378,25348,43523,43782,25612,14336,4352,512,62208,64257,6657,64258,62211,57344,53504,49664,51713,59649,51714,49667,61440,57600,59649,0,30720,22528,14592,12545,30720,0,10240,256,53760,6401,6658,54020,53248,41216,0,14336,14592,61952,14336,61696,0,0
eg0002v1|2|1|17|6|30|61440,12544,10752,768,62464,58624,60673,3073,60674,58627,14849,4866,58372,11011,11270,58636,4353,57858,45056,43264,33280,29440,25600,27649,35585,27650,25603,47361,37378,25348,43523,43782,25612,14336,4352,512,62208,64257,6657,64258,62211,57344,53504,49664,51713,59649,51714,49667,61440,57600,59649,0,30720,22528,14592,12545,30720,0,10240,256,53760,6401,6658,54020,53248,41216,0,14336,14592,61952,14336,61696,0,53248,41216,0
eg0002v2|2|2|17|6|30|61440,4352,57856,12545,10754,772,62472,58640,60689,3081,60690,58643,14851,4870,58380,11015,11278,58652,53248,41216,0,45056,43264,33280,29440,25600,27649,35585,27650,25603,47361,37378,25348,43523,43782,25612,14336,4352,512,62208,64257,6657,64258,62211,57344,53504,49664,51713,59649,51714,49667,61440,57600,59649,0,30720,22528,14592,12545,30720,0,10240,256,53760,6401,6658,54020,53248,41216,0,14336,14592,61952,14336,61696,0
eg0003v0|3|0|4|3|30|22528,26880,12800,12545,18432,4352,0,0
eg0003v1|3|1|5|3|24|57344,63744,49664,59649,51714,49667,18432,4352,0,22528,14592,12545,30720,0
eg0003v2|3|2|5|3|24|57344,59648,51712,49665,63745,49666,22528,14592,12545,30720,0,18432,4352,0
eg0004v0|4|0|8|4|15|57344,8448,51712,59905,51970,51971,61954,49924,49409,40960,18688,26881,18946,18947,28930,16900,30720,22528,14592,14593,30720,30720,53248,41216,0,0
eg0004v1|4|1|8|4|15|57344,49408,8449,51716,59909,51978,51979,61958,49932,0,40960,18688,26881,18946,18947,28930,16900,30720,22528,14592,14593,30720,30720,53248,41216,0
eg0004v2|4|2|11|5|24|61440,256,57856,513,60162,2819,60422,60423,257,57858,4611,58118,57344,49408,57601,51714,59907,51974,51975,0,57344,51456,59649,51714,51715,30720,22528,14592,14593,30720,30720,57344,49408,61697,49666,0,53248,41216,0
eg0004v3|4|3|10|5|23|26624,28928,20992,29185,23298,31491,23558,23559,28929,20994,20995,57344,49408,57601,51714,59907,51974,51975,0,57344,51456,59649,51714,51715,30720,22528,14592,14593,30720,30720,57344,49408,49409,0,0
eg0004v4|4|4|11|5|24|61440,256,57856,4609,58114,257,57858,515,60166,2823,60430,60431,57344,49408,61697,49666,0,53248,41216,0,57344,49408,57601,51714,59907,51974,51975,0,57344,51456,59649,51714,51715,30720,22528,14592,14593,30720,30720
eg0005v0|5|0|10|6|18|57344,2304,4608,51968,56065,5122,50436,50437,50179,49409,14336,16640,64000,2561,17154,62468,62469,62211,45056,26880,30977,45570,25348,25349,25091,30720,26624,41216,20992,20993,20737,45056,24832,24833,0,0,0,0
eg0005v1|5|1|10|6|18|57344,49408,2305,4610,51972,56069,5130,50452,50453,50187,0,14336,16640,64000,2561,17154,62468,62469,62211,45056,26880,30977,45570,25348,25349,25091,30720,26624,41216,20992,20993,20737,45056,24832,24833,0,0,0
eg0007v0|7|0|16|6|41|22528,33024,31232,33536,19456,13568,15617,15361,18945,15106,21251,13318,35847,13582,13583,12545,45056,43264,45568,31488,25600,27649,27393,30977,27138,33283,25350,47879,25614,25615,14336,16640,2560,62208,64257,64001,45056,30976,25088,27137,26881,26624,20736,22785,0,30720,30720,26624,22784,28929,20994,43523,21254,21255,30720,57344,49408,6401,49666,49667,0,10240,53504,53505,0,0,0
eg0007v1|7|1|17|6|35|57344,4352,2560,4864,56320,50432,52481,52225,55809,51970,58115,50182,7175,50446,50447,59649,51714,49667,45056,43264,45568,31488,25600,27649,27393,30977,27138,33283,25350,47879,25614,25615,14336,16640,2560,62208,64257,64001,45056,30976,25088,27137,26881,26624,20736,22785,0,30720,30720,26624,22784,28929,20994,43523,21254,21255,30720,57344,49408,6401,49666,49667,0,10240,53504,53505,0,0,22528,14592,12545,30720,0
eg0007v2|7|2|17|6|35|57344,59648,51712,49665,4353,2562,4868,56328,50448,52497,52233,55811,51974,58119,50190,7183,50462,50463,22528,14592,12545,30720,0,45056,43264,45568,31488,25600,27649,27393,30977,27138,33283,25350,47879,25614,25615,14336,16640,2560,62208,64257,64001,45056,30976,25088,27137,26881,26624,20736,22785,0,30720,30720,26624,22784,28929,20994,43523,21254,21255,30720,57344,49408,6401,49666,49667,0,10240,53504,53505,0,0
eg0008v0|8|0|9|5|18|61440,14592,57856,57857,10497,8706,772,60424,60425,10240,53504,53505,0,0,14336,12544,4608,64256,64257,49152,41216,35328,35329,57344,51456,51457,30720,30720
eg0008v1|8|1|9|5|18|61440,10496,8704,768,60416,60417,14593,57858,57859,14336,12544,4608,64256,64257,49152,41216,35328,35329,57344,51456,51457,30720,30720,10240,53504,53505,0,0
eg0010v0|10|0|15|7|46|14336,12544,20992,19200,64512,62465,13057,62466,4866,11268,64776,7173,64778,3339,65046,62999,49152,57600,55808,35584,33537,49665,33538,41474,47876,35848,43781,35850,39947,36118,34071,40960,39168,18944,16897,33025,16898,24834,31236,19208,27141,19210,23307,19478,17431,10240,55552,53505,30720,0,49152,33024,0,57344,63744,51712,59649,51714,55811,51974,49927,18432,6400,30720,22528,14592,18689,14850,12803,30720,26624,22784,20737,30720,0
eg0011v0|11|0|6|4|10|57344,6400,2560,49920,49665,49409,10240,6400,53760,53505,14336,61696,0,0,0
eg0011v1|11|1|6|4|10|57344,49408,6401,2562,49924,49667,0,10240,6400,53760,53505,14336,61696,0,0
eg0012v0|12|0|16|6|55|22528,35072,35328,17152,19456,13568,15617,29697,15618,13057,27137,13058,16641,25090,15108,14851,10240,10496,57856,60160,54272,56321,4865,56322,53761,2305,53762,10240,57600,59904,54016,56065,4609,56066,53505,61440,63744,57856,59905,8449,59906,26624,20736,22785,0,30720,49152,35072,30720,0,18432,4352,0,61440,4352,59904,59649,53248,43264,30720,30720
eg0012v1|12|1|17|6|49|57344,6400,6656,54016,56320,50432,52481,1025,52482,49921,64001,49922,59649,51714,53763,62214,52236,51975,10240,10496,57856,60160,54272,56321,4865,56322,53761,2305,53762,10240,57600,59904,54016,56065,4609,56066,53505,61440,63744,57856,59905,8449,59906,26624,20736,22785,0,30720,49152,35072,30720,0,18432,4352,0,22528,14592,16641,25090,15108,14851,30720,61440,4352,59904,59649,53248,43264,30720,30720
eg0012v2|12|2|17|6|49|57344,59648,51712,53761,62210,52228,51971,6401,6658,54020,56328,50448,52497,1033,52498,49925,64003,49926,22528,14592,16641,25090,15108,14851,30720,61440,4352,59904,59649,53248,43264,30720,30720,10240,10496,57856,60160,54272,56321,4865,56322,53761,2305,53762,10240,57600,59904,54016,56065,4609,56066,53505,61440,63744,57856,59905,8449,59906,26624,20736,22785,0,30720,49152,35072,30720,0,18432,4352,0
eg0013v0|13|0|18|7|36|45056,47360,43520,43776,27648,47617,45826,33796,25864,36105,28178,28179,41989,25866,25347,49409,27140,25093,27142,10240,6400,6656,56064,10497,8706,62212,54280,64521,56594,56595,4869,54282,53763,14336,14592,64000,14336,63744,30720,10240,8448,61952,54016,64257,56322,56323,4609,54018,53505,45056,33024,25088,35329,27394,27395,41217,25090,57344,49408,59649,51714,51715,0,22528,14592,14593,30720,30720,49152,33024,0,0,40960,18688,16641,18690,30720,0,30720
eg0013v1|13|1|18|7|36|45056,49408,27136,25089,27138,47361,43522,43780,27656,47619,45830,33804,25880,36121,28210,28211,41997,25882,25351,40960,18688,16641,18690,30720,0,30720,10240,6400,6656,56064,10497,8706,62212,54280,64521,56594,56595,4869,54282,53763,14336,14592,64000,14336,63744,30720,10240,8448,61952,54016,64257,56322,56323,4609,54018,53505,45056,33024,25088,35329,27394,27395,41217,25090,57344,49408,59649,51714,51715,0,22528,14592,14593,30720,30720,49152,33024,0,0
eg0015v0|15|0|24|7|76|18432,24832,29184,4864,13057,5122,5123,17154,9220,5384,21769,5650,12801,13058,27652,5384,7433,13317,7434,5387,19203,27654,5388,5389,45056,49408,25088,33281,25346,25347,37378,29444,25608,41993,25874,33025,33282,47876,25608,27657,33541,27658,25611,39427,47878,25612,25613,40960,16640,24833,16898,16899,28930,20996,17160,33545,17426,0,57344,49408,49409,0,0,53248,45312,41472,57857,41730,61440,57600,8449,57858,0,49152,33024,0,57344,57600,6656,49920,51969,57857,51970,49923,63745,6658,49924,49925,57344,6400,49664,51713,57601,51714,49667,10240,53504,55553,0,30720,57344,51456,49409,30720,0,18432,26880,4608,4609,10240,53504,53505,0,0
eg0016v0|16|0|26|7|60|61440,57600,12545,514,13060,1032,60688,3345,60962,60963,9225,58642,2821,60426,64523,64790,58924,58925,62743,58926,58927,8707,17158,60440,3097,60722,58675,5146,58676,0,45056,33024,45568,33536,27648,35841,27906,27907,41729,25602,35329,27394,31491,31750,25868,25869,29703,25870,25871,41217,49666,27400,35593,27666,25619,37642,25620,57344,4352,57856,51968,60161,52226,52227,513,49922,59649,51714,55811,56070,50188,50189,54023,50190,50191,45056,33024,27136,35329,27394,27395,41217,25090,57344,51456,59649,51714,51715,30720,22528,14592,14593,30720,30720,49152,33024,0,22528,14592,18689,18946,13060,13061,16899,13062,13063,30720,26624,26880,20992,20993,24833,20994,20995,26624,20736,20737,0,0,61440,57600,57601,0,0,49152,57600,35328,43521,35586,33539,45570,33540,40960,18688,26881,18946,16899,28930,16900,30720,22528,14592,12545,30720,0,53248,41216,0
eg0016v1|16|1|26|7|60|61440,12544,512,13056,1024,60672,3329,60930,60931,9217,58626,2817,60418,64515,64774,58892,58893,62727,58894,58895,8705,17154,60424,3081,60690,58643,5130,58644,57601,45056,33024,45568,33536,27648,35841,27906,27907,41729,25602,35329,27394,31491,31750,25868,25869,29703,25870,25871,41217,49666,27400,35593,27666,25619,37642,25620,57344,4352,57856,51968,60161,52226,52227,513,49922,59649,51714,55811,56070,50188,50189,54023,50190,50191,45056,33024,27136,35329,27394,27395,41217,25090,57344,51456,59649,51714,51715,30720,22528,14592,14593,30720,30720,49152,33024,0,22528,14592,18689,18946,13060,13061,16899,13062,13063,30720,26624,26880,20992,20993,24833,20994,20995,26624,20736,20737,0,0,61440,57600,57601,0,0,49152,57600,35328,43521,35586,33539,45570,33540,40960,18688,26881,18946,16899,28930,16900,30720,22528,14592,12545,30720,0,53248,41216,0,0
eg0017v0|17|0|6|6|8|14336,14592,8704,13056,9216,62720,14336,8448,12800,8960,62464,53248,57600,53760,41728,49152,45312,33280,53248,41216,0
eg0018v0|18|0|13|6|61|10240,256,2560,768,62464,54528,54529,6401,57858,2820,3080,56592,54021,53248,55552,53760,49920,41984,41985,18432,16640,12800,4864,4865,53248,49408,41472,41473,57344,49408,49409,0,0,14336,256,10752,11008,64512,61953,61440,6400,6656,60160,57601,18432,18688,6656,18432,6400,30720,0
eg0018v1|18|1|13|6|61|10240,6400,57856,2816,3072,56576,54017,257,2562,772,62472,54544,54545,14336,256,10752,11008,64512,61953,61440,6400,6656,60160,57601,18432,18688,6656,18432,6400,30720,0,53248,55552,53760,49920,41984,41985,18432,16640,12800,4864,4865,53248,49408,41472,41473,57344,49408,49409,0,0
eg0019v0|19|0|5|4|12|49152,53504,49664,33536,33281,45056,41216,25088,24833,49152,33024,0,0
eg0020v0|20|0|3|2|4|45056,24832,24833,0,0
eg0020v1|20|1|3|2|4|45056,24832,24833,0,0
eg0022v0|22|0|7|6|53|18432,20736,10752,4864,19201,19458,5380,49152,39168,33280,47617,47874,33796,26624,20736,35073,35330,21252,0,18432,18688,4608,18432,4352,0
eg0024v0|24|0|13|6|26|14336,2304,12800,62208,4609,64258,19203,17414,64780,62733,1031,64782,62735,26624,37120,20992,28929,23042,43523,41734,23564,21517,25351,23566,21519,49152,33024,0,57344,51456,6401,4610,51972,49925,53763,51974,49927,30720,10240,8448,55808,53761,57601,55810,53763,45056,26880,24833,30720,0,61440,59648,57601,30720,0
eg0025v0|25|0|8|6|19|49152,41216,51712,49920,46080,34048,43521,35586,33539,57344,2304,512,62208,50176,59649,51714,49667,14336,12544,8704,62208,49152,45312,33280,53248,41216,0,22528,14592,12545,30720,0
eg0026v0|26|0|9|6|32|49152,39168,33280,41473,33538,56067,33798,48135,34062,26624,20736,28929,20994,43523,21254,35591,21518,0,57344,49408,6401,49666,64003,49926,0,10240,53504,2305,53762,0,18432,4352,0
eg0027v0|27|0|12|6|35|22528,20736,20992,31488,33792,15616,15617,23297,15362,25603,13574,14849,12545,57344,57600,2560,4864,52224,52225,59905,51970,62211,50182,51457,57344,2304,4608,51968,51969,59649,51714,61955,49926,14336,16640,64000,64001,45056,26880,26881,30720,30720,22528,14592,24833,12802,30720,53248,41216,0,30720,0
eg0027v1|27|1|13|6|29|57344,57600,57856,2816,5120,52480,52481,60161,52226,62467,50438,51713,59649,51714,49667,57344,57600,2560,4864,52224,52225,59905,51970,62211,50182,51457,57344,2304,4608,51968,51969,59649,51714,61955,49926,14336,16640,64000,64001,45056,26880,26881,30720,30720,22528,14592,24833,12802,30720,53248,41216,0,30720,22528,14592,12545,30720,0
eg0027v2|27|2|13|6|29|57344,59648,51712,49665,57601,57858,2820,5128,52496,52497,60165,52234,62475,50454,51715,22528,14592,12545,30720,0,57344,57600,2560,4864,52224,52225,59905,51970,62211,50182,51457,57344,2304,4608,51968,51969,59649,51714,61955,49926,14336,16640,64000,64001,45056,26880,26881,30720,30720,22528,14592,24833,12802,30720,53248,41216,0,30720
eg0028v0|28|0|24|7|103|22528,12544,33025,33282,27396,27656,13584,25349,29706,13588,16899,27398,21516,13592,23833,15922,13875,35591,21518,15644,23837,15930,13883,17423,13598,13599,0,45056,45312,39424,39680,25600,37377,41730,25604,28929,39426,33540,25608,35849,27922,25875,47619,33542,27660,35853,27930,25883,29447,25614,25615,45056,39168,39424,25344,37121,41474,25348,18432,18688,4608,18432,4352,0,53248,57600,41472,49152,33024,0,61440,6400,512,58112,2817,60418,58371,14593,514,60164,2821,60426,58379,61955,58118,58119,18432,12544,4608,14849,6914,4867,57344,49408,59649,51714,49667,0,22528,14592,12545,30720,0,10240,61696,55808,64001,56066,54019,57601,53762,53763,57344,51456,59649,51714,49667,30720,22528,14592,12545,30720,0,61440,57600,57601,0,0
eg0028v1|28|1|25|8|97|57344,49408,59649,51714,4611,4870,64524,64792,50736,62477,1306,50740,54023,64526,58652,50744,60985,53106,51059,7183,58654,52796,60989,53114,51067,54559,50750,50751,0,22528,14592,33025,33282,27396,27656,13584,25349,29706,13588,16899,27398,21516,13592,23833,15922,13875,35591,21518,15644,23837,15930,13883,17423,13598,13599,30720,45056,45312,39424,39680,25600,37377,41730,25604,28929,39426,33540,25608,35849,27922,25875,47619,33542,27660,35853,27930,25883,29447,25614,25615,45056,39168,39424,25344,37121,41474,25348,18432,18688,4608,18432,4352,0,53248,57600,41472,49152,33024,0,61440,6400,512,58112,2817,60418,58371,14593,514,60164,2821,60426,58379,61955,58118,58119,18432,12544,4608,14849,6914,4867,57344,49408,59649,51714,49667,0,22528,14592,12545,30720,0,10240,61696,55808,64001,56066,54019,57601,53762,53763,57344,51456,59649,51714,49667,30720,22528,14592,12545,30720,0,61440,57600,57601,0,0
eg0028v2|28|2|25|8|97|57344,59648,51712,4609,4866,64516,64776,50704,62469,1290,50708,54019,64518,58636,50712,60953,53042,50995,7175,58638,52764,60957,53050,51003,54543,50718,50719,49409,22528,14592,33025,33282,27396,27656,13584,25349,29706,13588,16899,27398,21516,13592,23833,15922,13875,35591,21518,15644,23837,15930,13883,17423,13598,13599,30720,45056,45312,39424,39680,25600,37377,41730,25604,28929,39426,33540,25608,35849,27922,25875,47619,33542,27660,35853,27930,25883,29447,25614,25615,45056,39168,39424,25344,37121,41474,25348,18432,18688,4608,18432,4352,0,53248,57600,41472,49152,33024,0,61440,6400,512,58112,2817,60418,58371,14593,514,60164,2821,60426,58379,61955,58118,58119,18432,12544,4608,14849,6914,4867,57344,49408,59649,51714,49667,0,22528,14592,12545,30720,0,10240,61696,55808,64001,56066,54019,57601,53762,53763,57344,51456,59649,51714,49667,30720,22528,14592,12545,30720,0,61440,57600,57601,0,0,0
eg0029v0|29|0|19|7|56|49152,41216,57856,39680,35840,33793,41729,33794,44035,36102,34055,45826,54276,36104,34057,43521,35586,49923,52230,48396,34328,57344,8448,55808,51968,49921,57857,49922,60163,52230,50183,61954,4868,52232,50185,59649,51714,515,2822,64524,50456,40960,22784,18944,16897,24833,16898,27139,19206,17159,28930,37380,19208,17161,26624,22784,20737,30720,0,57344,49408,59649,51714,49667,0,22528,14592,12545,30720,0,53248,61696,43520,41473,45056,26880,24833,30720,0,22528,14592,28929,31234,27396,13320,30720,49152,51456,47616,33536,14336,10496,61952,18432,4352,0
eg0030v0|30|0|10|6|30|57344,4352,51712,61953,6914,3076,50440,64517,52490,49409,45056,26880,37121,47618,43780,25608,39685,27658,30720,53248,63744,59904,41728,55809,43778,10240,6400,53760,2305,55810,14336,61696,0,18432,6400,30720,0
eg0030v1|30|1|10|6|30|57344,49408,4353,51714,61955,6918,3084,50456,64525,52506,0,45056,26880,37121,47618,43780,25608,39685,27658,30720,53248,63744,59904,41728,55809,43778,10240,6400,53760,2305,55810,14336,61696,0,18432,6400,30720
eg0031v0|31|0|4|3|5|10240,256,55808,55553,53248,43264,30720,30720
eg0031v1|31|1|4|3|5|10240,55552,257,55810,30720,53248,43264,30720
eg0035v0|35|0|11|6|37|49152,41216,55808,51968,48128,36096,33537,49665,37634,35844,35845,57344,6400,2560,64256,52224,49665,257,53762,51972,51973,10240,6400,2560,56064,53505,14336,10496,64000,18432,6400,30720,0,49152,37120,35328,35329,61440,59648,59649,30720,30720
eg0036v0|36|0|11|6|33|18432,24832,12800,4864,8961,17410,5380,27651,5382,5383,6657,45056,33024,25088,29185,37634,25604,47875,25606,25607,26881,57344,49408,53505,61954,49924,6659,49926,49927,0,61440,4352,57856,14593,57858,57859,53248,41216,0,10240,53504,53505,0,0,30720
eg0037v0|37|0|9|6|29|53248,49408,45568,56064,62464,44288,42241,43777,41473,57344,53504,64000,4864,52224,50177,51713,49409,61440,6400,12800,60160,58113,59649,18432,24832,6656,4609,45056,26880,24833,30720,0,30720,0
eg0038v0|38|0|4|4|20|49152,51456,47616,33536,14336,10496,61952,18432,4352,0
eg0039v0|39|0|22|7|44|26624,24832,41472,43776,37888,21760,33793,21762,33537,21506,27137,41730,29700,21768,32009,24082,22035,23557,39683,44038,21772,21773,20737,61440,12544,14848,8960,58368,4865,58370,4609,58114,63745,12802,772,58376,3081,60690,58643,60165,10755,15110,58380,58381,45056,47360,41472,25344,37377,25346,37121,25090,10240,4352,53760,257,53762,49152,33024,0,53248,41216,0,53248,41216,0,26624,41216,29184,21248,31489,23554,21507,23041,39169,43522,21252,21253,45056,33024,25088,35329,27394,25347,26881,57344,49408,59649,51714,49667,0,22528,14592,12545,30720,0,30720,14336,18688,61952,61953,10240,53504,53505,0,0,0
eg0039v1|39|1|23|7|45|61440,61696,12800,15104,9216,58624,5121,58626,4865,58370,64001,13058,1028,58632,3337,60946,58899,60421,11011,15366,58636,58637,4353,57858,61440,12544,14848,8960,58368,4865,58370,4609,58114,63745,12802,772,58376,3081,60690,58643,60165,10755,15110,58380,58381,45056,47360,41472,25344,37377,25346,37121,25090,10240,4352,53760,257,53762,49152,33024,0,53248,41216,0,53248,41216,0,26624,41216,29184,21248,31489,23554,21507,23041,39169,43522,21252,21253,45056,33024,25088,35329,27394,25347,26881,57344,49408,59649,51714,49667,0,22528,14592,12545,30720,0,30720,14336,18688,61952,61953,10240,53504,53505,0,0,53248,41216,0
eg0039v2|39|2|23|7|45|61440,4352,57856,61697,12802,15108,9224,58640,5129,58642,4869,58378,64003,13062,1036,58648,3353,60978,58931,60429,11015,15374,58652,58653,53248,41216,0,61440,12544,14848,8960,58368,4865,58370,4609,58114,63745,12802,772,58376,3081,60690,58643,60165,10755,15110,58380,58381,45056,47360,41472,25344,37377,25346,37121,25090,10240,4352,53760,257,53762,49152,33024,0,53248,41216,0,53248,41216,0,26624,41216,29184,21248,31489,23554,21507,23041,39169,43522,21252,21253,45056,33024,25088,35329,27394,25347,26881,57344,49408,59649,51714,49667,0,22528,14592,12545,30720,0,30720,14336,18688,61952,61953,10240,53504,53505,0,0
eg0040v0|40|0|4|3|19|18432,10496,4608,4609,26624,20736,20737,0,0
eg0041v0|41|0|11|6|18|26624,20736,24833,33282,21252,41475,21254,39687,41998,21788,21789,0,61440,4352,57856,12545,57858,10755,13062,58380,58381,53248,41216,0,45056,24832,43265,45570,25348,25349,0,14336,16640,61952,61953,45056,24832,24833,0,0
eg0041v1|41|1|12|7|19|61440,57600,4353,61954,4868,58376,13061,58378,11275,13590,58924,58925,0,53248,45312,53760,41728,61953,41730,60163,62470,42252,42253,61440,4352,57856,12545,57858,10755,13062,58380,58381,53248,41216,0,45056,24832,43265,45570,25348,25349,0,14336,16640,61952,61953,45056,24832,24833,0,0
eg0041v2|41|2|12|7|19|61440,4352,61952,4864,58368,13057,58370,11267,13574,58892,58893,57601,53248,45312,53760,41728,61953,41730,60163,62470,42252,42253,61440,4352,57856,12545,57858,10755,13062,58380,58381,53248,41216,0,45056,24832,43265,45570,25348,25349,0,14336,16640,61952,61953,45056,24832,24833,0,0,0
eg0044v0|44|0|14|6|41|53248,47360,64000,56064,58368,44288,64257,64514,42244,42245,60419,42246,57857,41730,26624,43264,35328,37632,23552,43521,43778,21508,21509,39683,21510,37121,20994,10240,2304,4608,56064,10497,10754,54020,54021,6659,54022,18432,20736,6656,49152,35072,30720,10240,10496,53760,53761,6401,53762,10240,53504,53505,0,0,14336,61696,0,49152,33024,0
eg0045v0|45|0|14|6|25|61440,57600,14593,14850,62212,13320,60688,58641,58377,4869,13322,58644,60693,59907,0,10240,10496,57856,8960,56320,54273,54017,513,8962,54276,56325,55553,10240,57600,8704,56064,54017,53761,257,8706,54020,56069,61440,12544,59904,57857,57601,45056,26880,24833,30720,0,0,53248,61696,41472,43521,45056,24832,26881,0,30720,30720
eg0045v1|45|1|14|6|25|61440,14592,14848,62208,13312,60672,58625,58369,4865,13314,58628,60677,59905,57601,10240,10496,57856,8960,56320,54273,54017,513,8962,54276,56325,55553,10240,57600,8704,56064,54017,53761,257,8706,54020,56069,61440,12544,59904,57857,57601,45056,26880,24833,30720,0,0,53248,61696,41472,43521,45056,24832,26881,0,30720,30720,0
eg0046v0|46|0|42|7|101|10240,61696,57856,8960,1024,54528,11265,56578,54531,8961,58370,54532,54533,54275,8705,54018,60163,11270,54540,54541,56327,8449,8706,62212,7176,54544,64521,56594,5395,54822,54021,61955,11014,3084,54552,11277,56602,54555,11015,5134,54556,7183,54558,57344,53504,4608,62208,50176,6913,52226,50179,4609,54018,50180,50181,49923,4353,49666,55811,6918,50188,50189,51975,61440,12544,4608,58112,14849,60162,58115,12545,61954,58116,58117,57859,45056,37120,25088,47361,27138,25091,53248,41216,0,10240,55552,53505,30720,0,45056,28928,25088,25089,24833,61440,57600,57601,0,0,0,45056,24832,30977,47618,25348,25349,27139,0,26624,43264,20992,20993,22785,10240,53504,53505,0,0,30720,45056,45312,33280,43776,25600,35585,27650,41987,25862,25089,33025,47618,39684,25608,47877,27658,25611,47619,41734,25612,43783,25614,45056,33024,43520,25344,35329,27394,41731,25606,24833,57344,2304,49664,59649,51714,515,49926,14336,61696,0,22528,14592,28929,12802,30720,49152,33024,0,0,57344,6400,64000,49920,6657,51970,49923,6401,514,49924,2563,49926,10240,2304,53760,10497,55810,53763,18432,4352,0,10240,55552,53505,30720,0,10240,4352,53760,6401,53762,49152,33024,0,14336,61696,0
eg0046v1|46|1|42|7|101|10240,8448,8704,62208,7168,54528,64513,56578,5379,54790,54017,61953,11010,3076,54536,11269,56586,54539,11011,5126,54540,7175,54542,61697,57858,8964,1032,54544,11273,56594,54547,8965,58378,54548,54549,54283,8707,54022,60167,11278,54556,54557,56335,45056,45312,33280,43776,25600,35585,27650,41987,25862,25089,33025,47618,39684,25608,47877,27658,25611,47619,41734,25612,43783,25614,45056,33024,43520,25344,35329,27394,41731,25606,24833,57344,2304,49664,59649,51714,515,49926,14336,61696,0,22528,14592,28929,12802,30720,49152,33024,0,0,57344,6400,64000,49920,6657,51970,49923,6401,514,49924,2563,49926,10240,2304,53760,10497,55810,53763,18432,4352,0,10240,55552,53505,30720,0,10240,4352,53760,6401,53762,49152,33024,0,14336,61696,0,57344,53504,4608,62208,50176,6913,52226,50179,4609,54018,50180,50181,49923,4353,49666,55811,6918,50188,50189,51975,61440,12544,4608,58112,14849,60162,58115,12545,61954,58116,58117,57859,45056,37120,25088,47361,27138,25091,53248,41216,0,10240,55552,53505,30720,0,45056,28928,25088,25089,24833,61440,57600,57601,0,0,0,45056,24832,30977,47618,25348,25349,27139,0,26624,43264,20992,20993,22785,10240,53504,53505,0,0,30720
eg0047v0|47|0|15|7|59|45056,37120,39424,33536,37888,25856,35841,27906,42243,26118,33025,39426,43780,27656,35331,27398,25351,53248,55552,49664,54016,41984,51969,44034,58371,42246,18432,12544,16896,4864,14849,6914,21251,5126,57344,61696,49664,59649,51714,515,49926,53248,41216,0,22528,14592,28929,12802,30720,49152,33024,0,57344,63744,2560,51968,59649,51714,49667,18432,22784,6656,14336,63744,30720,22528,14592,12545,30720,0
eg0047v1|47|1|15|7|59|45056,33024,39424,43776,27648,35329,27394,25347,37121,39426,33540,37896,25872,35849,27922,42259,26150,57344,63744,2560,51968,59649,51714,49667,18432,22784,6656,14336,63744,30720,22528,14592,12545,30720,0,53248,55552,49664,54016,41984,51969,44034,58371,42246,18432,12544,16896,4864,14849,6914,21251,5126,57344,61696,49664,59649,51714,515,49926,53248,41216,0,22528,14592,28929,12802,30720,49152,33024,0
eg0050v0|50|0|3|2|5|57344,49408,49409,0,0
eg0050v1|50|1|3|2|5|57344,49408,49409,0,0
eg0051v0|51|0|4|3|5|26624,20736,33025,23042,0,53248,43264,30720
eg0051v1|51|1|3|2|4|61440,57600,59649,0,30720
eg0051v2|51|2|3|2|4|61440,59648,57601,30720,0
eg0052v0|52|0|3|2|4|61440,57600,59649,0,30720
eg0052v1|52|1|3|2|4|61440,59648,57601,30720,0
eg0053v0|53|0|12|5|20|45056,33024,43520,27392,49665,47876,27656,25609,37637,25610,25350,24833,57344,2304,51712,8449,6660,51976,49929,61957,49930,49670,14336,63744,30720,40960,39168,18944,16897,28929,16898,16642,10240,55552,53505,30720,0,53248,41216,0,0,0
eg0053v1|53|1|12|5|20|45056,24832,33025,43522,27396,49667,47884,27672,25625,37645,25626,25358,0,57344,2304,51712,8449,6660,51976,49929,61957,49930,49670,14336,63744,30720,40960,39168,18944,16897,28929,16898,16642,10240,55552,53505,30720,0,53248,41216,0,0
eg0054v0|54|0|17|6|36|14336,4352,4608,768,1024,64768,62721,19457,64770,62723,4865,17410,62724,62725,62467,6657,64258,62211,57344,57600,53760,54016,52224,50177,6913,52226,50179,57857,4866,50180,50181,49923,59649,51714,49667,57344,53504,53760,51968,49921,6657,51970,49923,57601,4610,49924,49925,49667,61440,61696,59904,57857,14593,59906,57859,61440,59648,57601,30720,0,10240,55552,53505,30720,0,57344,4352,49664,49665,49409,45056,24832,24833,0,0,0,22528,14592,12545,30720,0
eg0055v0|55|0|7|4|14|10240,6400,55808,61697,55810,64003,56070,54023,14336,63744,30720,57344,51456,59649,51714,49667,30720,22528,14592,12545,30720,0
eg0055v1|55|1|7|4|14|10240,61696,55808,64001,56066,54019,6401,55810,57344,51456,59649,51714,49667,30720,22528,14592,12545,30720,0,14336,63744,30720
eg0057v0|57|0|6|5|36|18432,12544,18944,17152,5120,6657,57344,63744,61952,49920,51457,18432,16640,4608,53248,41216,0,30720
eg0058v0|58|0|26|7|60|10240,61696,61952,11008,5120,54528,7169,54530,64257,56322,11267,7430,54796,54535,64001,56066,60163,5126,9484,54808,54809,9223,11534,56860,56861,54543,4353,55810,57344,57600,6656,768,50176,2817,50178,59905,51970,6915,3078,50444,50183,59649,51714,55811,774,5132,50456,50457,4871,7182,52508,52509,50191,57344,6400,512,49920,2561,49922,59649,51714,6659,2822,50188,49927,10240,4352,53760,6401,53762,49152,33024,0,14336,61696,0,22528,14592,35073,31234,13060,12803,30720,10240,6400,53760,53505,14336,61696,0,0,22528,14592,18689,29186,33540,13320,13321,33283,35590,15372,15373,13063,30720,26624,37120,41472,21248,21249,41217,43522,23300,23301,20995,49152,53504,33280,33281,45056,24832,24833,0,0,45056,47360,27136,27137,24833,10240,55552,55553,30720,30720,0,49152,35072,30720
eg0058v1|58|1|26|7|60|10240,4352,55808,61697,61954,11012,5128,54544,7177,54546,64261,56330,11275,7446,54828,54551,64003,56070,60167,5134,9500,54840,54841,9231,11550,56892,56893,54559,49152,35072,30720,57344,57600,6656,768,50176,2817,50178,59905,51970,6915,3078,50444,50183,59649,51714,55811,774,5132,50456,50457,4871,7182,52508,52509,50191,57344,6400,512,49920,2561,49922,59649,51714,6659,2822,50188,49927,10240,4352,53760,6401,53762,49152,33024,0,14336,61696,0,22528,14592,35073,31234,13060,12803,30720,10240,6400,53760,53505,14336,61696,0,0,22528,14592,18689,29186,33540,13320,13321,33283,35590,15372,15373,13063,30720,26624,37120,41472,21248,21249,41217,43522,23300,23301,20995,49152,53504,33280,33281,45056,24832,24833,0,0,45056,47360,27136,27137,24833,10240,55552,55553,30720,30720,0
eg0059v0|59|0|11|7|27|49152,49408,55808,33536,41729,41986,34052,44293,36362,34315,46083,34054,49152,55552,33280,41473,41730,33796,44037,36106,34059,45827,33798,10240,53504,61697,61954,54020,64261,56330,54283,515,54022,0,57344,57600,49664,59905,51970,49923,61697,49666,57344,49408,59649,51714,49667,0,22528,14592,12545,30720,0,53248,41216,0
eg0060v0|60|0|17|6|50|45056,33024,33280,47872,33792,25856,25857,39937,25858,29441,25602,48131,25862,27911,35329,27394,25347,24833,57344,57600,6656,58112,50176,50177,64257,50178,53761,49922,6915,50182,52231,59649,51714,49667,57344,6400,57856,49920,49921,64001,49922,53505,49666,6659,49926,51975,10240,61696,53760,53761,2305,53762,57344,49408,49409,0,0,18432,4352,0,61440,57600,14593,57858,59907,0,10240,53504,55553,0,30720,22528,14592,12545,30720,0,0
eg0060v1|60|1|17|6|50|45056,24832,33025,33282,47876,33800,25872,25873,39945,25874,29445,25610,48139,25878,27927,35331,27398,25351,0,57344,57600,6656,58112,50176,50177,64257,50178,53761,49922,6915,50182,52231,59649,51714,49667,57344,6400,57856,49920,49921,64001,49922,53505,49666,6659,49926,51975,10240,61696,53760,53761,2305,53762,57344,49408,49409,0,0,18432,4352,0,61440,57600,14593,57858,59907,0,10240,53504,55553,0,30720,22528,14592,12545,30720,0
eg0061v0|61|0|19|6|54|49152,57600,35328,43521,35586,41731,48134,34060,33799,39426,45828,39944,34064,36113,54021,37898,34068,34069,50187,34070,40960,18688,26881,18946,25091,31494,17420,17159,22786,29188,23304,17424,19473,37381,21258,17428,17429,33547,17430,30720,22528,14592,20737,27138,13060,12803,30720,57344,63744,49664,49409,18432,4352,0,0,26624,33024,27136,21248,23297,41217,25090,21252,21253,37379,21254,53248,47360,41472,43521,26624,20736,22785,0,30720,45056,28928,25088,25089,41217,25090,61440,57600,57601,0,0,49152,33024,0
eg0062v0|62|0|17|6|61|26624,33024,43520,29440,21504,27649,21762,21763,21249,28929,35330,25348,35848,21776,23561,31235,23302,23303,53248,63744,49664,41728,47873,41986,41987,41473,10240,61696,53760,59905,54018,54019,53505,57344,49408,55553,49666,49667,0,26624,20736,20737,0,0,0,57344,63744,53760,64256,50176,51969,59649,51714,51715,18432,8448,18944,4864,6657,61440,6400,57856,59649,18432,4352,0,30720,22528,14592,14593,30720,30720
eg0062v1|62|1|18|7|62|61440,4352,14848,768,58368,64513,58626,58627,58113,4353,514,6916,62472,7440,58912,60689,2821,60426,60427,53248,63744,49664,41728,47873,41986,41987,41473,10240,61696,53760,59905,54018,54019,53505,57344,49408,55553,49666,49667,0,26624,20736,20737,0,0,0,53248,49408,55808,45824,56320,42240,44033,51713,43778,43779,57344,63744,53760,64256,50176,51969,59649,51714,51715,18432,8448,18944,4864,6657,61440,6400,57856,59649,18432,4352,0,30720,22528,14592,14593,30720,30720
eg0062v2|62|2|18|7|62|61440,4352,512,6912,62464,7424,58880,60673,2817,60418,60419,4353,14850,772,58376,64521,58642,58643,58117,53248,49408,55808,45824,56320,42240,44033,51713,43778,43779,57344,63744,53760,64256,50176,51969,59649,51714,51715,18432,8448,18944,4864,6657,61440,6400,57856,59649,18432,4352,0,30720,22528,14592,14593,30720,30720,53248,63744,49664,41728,47873,41986,41987,41473,10240,61696,53760,59905,54018,54019,53505,57344,49408,55553,49666,49667,0,26624,20736,20737,0,0,0
eg0065v0|65|0|4|3|30|22528,26880,12800,12545,18432,4352,0,0
eg0065v1|65|1|5|3|24|57344,63744,49664,59649,51714,49667,18432,4352,0,22528,14592,12545,30720,0
eg0065v2|65|2|5|3|24|57344,59648,51712,49665,63745,49666,22528,14592,12545,30720,0,18432,4352,0
eg0066v0|66|0|10|5|33|61440,6400,14848,58112,58113,257,57858,2563,60166,11015,58382,18432,26880,4608,4609,10240,53504,53505,0,0,57344,49408,59649,51714,2563,49926,0,22528,14592,30977,12802,30720,14336,61696,0
eg0066v1|66|1|10|5|33|61440,256,57856,2561,60162,11011,58374,6401,14850,58116,58117,57344,49408,59649,51714,2563,49926,0,22528,14592,30977,12802,30720,14336,61696,0,18432,26880,4608,4609,10240,53504,53505,0,0
eg0066v2|66|2|9|4|29|40960,16640,26881,18946,35331,17158,30978,39428,17160,17161,0,22528,14592,30977,12802,30720,14336,61696,0,18432,26880,4608,4609,10240,53504,53505,0,0
eg0068v0|68|0|9|5|29|49152,53504,51712,45824,35840,39425,47874,35844,33539,45056,43264,37376,27392,30977,39426,27396,25091,14336,8448,64000,53248,43264,30720,26624,35072,23040,20737,18432,6400,30720,0
eg0069v0|69|0|9|6|29|10240,61696,57856,2816,7168,54528,56065,53761,53505,57344,53504,64000,2816,50176,51713,49409,61440,6400,10752,58112,59649,18432,22784,4608,14336,61696,0,30720,0,0
eg0069v1|69|1|9|6|29|10240,53504,61697,57858,2820,7176,54544,56069,53763,0,57344,53504,64000,2816,50176,51713,49409,61440,6400,10752,58112,59649,18432,22784,4608,14336,61696,0,30720,0
eg0070v0|70|0|22|7|72|22528,20736,20992,13056,31489,15362,23041,15106,15107,16641,35330,13060,25349,21514,13588,23829,15914,13867,27139,37638,15384,13337,29722,15668,57344,57600,49664,2561,51970,59649,51714,51715,57344,49408,2305,51714,0,14336,63744,30720,22528,14592,14593,30720,30720,61440,14592,57856,4609,770,58372,3077,60682,58635,6401,16898,60168,58121,8970,60436,10240,53504,257,61954,54020,64261,56330,54283,0,53248,49408,41472,51713,43778,41731,57344,49408,59649,51714,49667,0,22528,14592,12545,30720,0,18432,28928,6656,4609,20994,6916,40960,18688,16641,33026,18948,30720,0,49152,35072,30720
eg0070v1|70|1|23|8|66|57344,57600,57856,49920,2817,52226,59905,51970,51971,59649,51714,53763,6918,50188,62477,58650,50740,60981,53098,51051,64263,9230,52536,50489,1338,52852,57344,57600,49664,2561,51970,59649,51714,51715,57344,49408,2305,51714,0,14336,63744,30720,22528,14592,14593,30720,30720,22528,14592,16641,35330,13060,25349,21514,13588,23829,15914,13867,27139,37638,15384,13337,29722,15668,30720,61440,14592,57856,4609,770,58372,3077,60682,58635,6401,16898,60168,58121,8970,60436,10240,53504,257,61954,54020,64261,56330,54283,0,53248,49408,41472,51713,43778,41731,57344,49408,59649,51714,49667,0,22528,14592,12545,30720,0,18432,28928,6656,4609,20994,6916,40960,18688,16641,33026,18948,30720,0,49152,35072,30720
eg0070v2|70|2|23|8|66|57344,59648,51712,53761,6914,50180,62469,58634,50708,60949,53034,50987,64259,9222,52504,50457,1306,52788,57601,57858,49924,2821,52234,59907,51974,51975,22528,14592,16641,35330,13060,25349,21514,13588,23829,15914,13867,27139,37638,15384,13337,29722,15668,30720,61440,14592,57856,4609,770,58372,3077,60682,58635,6401,16898,60168,58121,8970,60436,10240,53504,257,61954,54020,64261,56330,54283,0,53248,49408,41472,51713,43778,41731,57344,49408,59649,51714,49667,0,22528,14592,12545,30720,0,18432,28928,6656,4609,20994,6916,40960,18688,16641,33026,18948,30720,0,49152,35072,30720,57344,57600,49664,2561,51970,59649,51714,51715,57344,49408,2305,51714,0,14336,63744,30720,22528,14592,14593,30720,30720
eg0071v0|71|0|15|6|42|22528,37120,20992,29440,13312,23297,15362,35843,15622,13575,12801,35330,25348,13320,15109,12545,40960,24832,33280,17152,27137,19202,39683,19462,17415,16641,39170,29188,17160,18949,57344,256,49664,59649,51714,6659,51974,49927,49152,33024,0,22528,14592,35073,14850,12803,30720,10240,55552,53505,30720,0,0,10240,256,53760,55553,53248,41216,0,30720,0
eg0071v1|71|1|16|6|36|57344,8448,57856,768,50176,60161,52226,7171,52486,50439,49665,6658,62212,50184,51973,59649,51714,49667,40960,24832,33280,17152,27137,19202,39683,19462,17415,16641,39170,29188,17160,18949,57344,256,49664,59649,51714,6659,51974,49927,49152,33024,0,22528,14592,35073,14850,12803,30720,10240,55552,53505,30720,0,0,10240,256,53760,55553,53248,41216,0,30720,22528,14592,12545,30720,0
eg0071v2|71|2|16|6|36|57344,59648,51712,49665,8449,57860,776,50192,60169,52242,7187,52518,50471,49669,6662,62220,50200,51981,22528,14592,12545,30720,0,40960,24832,33280,17152,27137,19202,39683,19462,17415,16641,39170,29188,17160,18949,57344,256,49664,59649,51714,6659,51974,49927,49152,33024,0,22528,14592,35073,14850,12803,30720,10240,55552,53505,30720,0,0,10240,256,53760,55553,53248,41216,0,30720
eg0071v3|71|3|20|7|49|61440,256,2560,60160,58113,513,770,9220,58632,3077,60682,15627,60950,58903,58115,257,2562,60164,58117,14851,4870,58380,60167,57344,59648,51712,49665,57601,57858,772,50184,60165,52234,7179,52502,50455,49667,22528,14592,12545,30720,0,57344,57600,512,49920,59905,51970,6915,52230,50183,49409,57344,256,49664,59649,51714,6659,51974,49927,49152,33024,0,22528,14592,35073,14850,12803,30720,10240,55552,53505,30720,0,0,57344,59648,51712,49665,6401,61954,49924,51715,22528,14592,12545,30720,0,10240,256,53760,55553,53248,41216,0,30720
eg0071v4|71|4|20|7|49|61440,256,2560,60160,58113,14849,4866,58372,60163,257,2562,60164,58117,515,774,9228,58648,3085,60698,15643,60982,58935,58119,57344,59648,51712,49665,6401,61954,49924,51715,22528,14592,12545,30720,0,10240,256,53760,55553,53248,41216,0,30720,57344,59648,51712,49665,57601,57858,772,50184,60165,52234,7179,52502,50455,49667,22528,14592,12545,30720,0,57344,57600,512,49920,59905,51970,6915,52230,50183,49409,57344,256,49664,59649,51714,6659,51974,49927,49152,33024,0,22528,14592,35073,14850,12803,30720,10240,55552,53505,30720,0,0
eg0072v0|72|0|17|6|48|22528,14592,33025,20994,29444,21512,13584,15633,25349,19466,13588,15637,20995,13062,29447,31758,13596,30720,45056,33024,41472,33536,25600,27649,37377,31490,25604,27653,33025,25090,41475,43782,25612,57344,256,57856,49920,51969,61697,55810,49924,51973,49152,41216,33280,35329,57344,49408,51457,0,30720,53248,47360,41472,43521,26624,20736,22785,0,30720,57344,49408,257,2562,49924,0,49152,51456,33280,14336,61696,0
eg0072v1|72|1|18|7|42|57344,51456,59649,51714,4611,58118,1036,58648,50736,52785,62477,56602,50740,52789,58119,50190,1039,3358,50748,30720,22528,14592,33025,20994,29444,21512,13584,15633,25349,19466,13588,15637,20995,13062,29447,31758,13596,30720,45056,33024,41472,33536,25600,27649,37377,31490,25604,27653,33025,25090,41475,43782,25612,57344,256,57856,49920,51969,61697,55810,49924,51973,49152,41216,33280,35329,57344,49408,51457,0,30720,53248,47360,41472,43521,26624,20736,22785,0,30720,57344,49408,257,2562,49924,0,49152,51456,33280,14336,61696,0
eg0072v2|72|2|18|7|42|57344,59648,51712,4609,58114,1028,58632,50704,52753,62469,56586,50708,52757,58115,50182,1031,3342,50716,51457,22528,14592,33025,20994,29444,21512,13584,15633,25349,19466,13588,15637,20995,13062,29447,31758,13596,30720,45056,33024,41472,33536,25600,27649,37377,31490,25604,27653,33025,25090,41475,43782,25612,57344,256,57856,49920,51969,61697,55810,49924,51973,49152,41216,33280,35329,57344,49408,51457,0,30720,53248,47360,41472,43521,26624,20736,22785,0,30720,57344,49408,257,2562,49924,0,49152,51456,33280,14336,61696,0,30720
eg0073v0|73|0|15|6|53|61440,16640,59904,2561,60162,58115,4610,58116,63745,6658,11012,15368,58640,58641,6659,58118,40960,18688,26881,18946,16899,28930,16900,30720,22528,14592,12545,30720,0,53248,41216,0,26624,35072,39424,43776,21504,21505,35073,20994,18432,22784,27136,4864,4865,14336,18688,61952,61953,10240,53504,53505,0,0,18432,4352,0
eg0073v1|73|1|15|6|53|61440,63744,6656,11008,15360,58624,58625,6657,58114,16641,59908,2565,60170,58123,4614,58124,26624,35072,39424,43776,21504,21505,35073,20994,18432,22784,27136,4864,4865,14336,18688,61952,61953,10240,53504,53505,0,0,18432,4352,0,40960,18688,26881,18946,16899,28930,16900,30720,22528,14592,12545,30720,0,53248,41216,0
eg0075v0|75|0|3|3|8|49152,49408,33280,49152,33024,0
eg0076v0|76|0|28|7|64|57344,61696,49664,57601,53762,54020,54280,50448,50449,62473,50450,51973,4611,58118,58380,50456,60697,52786,52787,60429,52506,58651,50742,52791,4871,58382,50460,60701,52794,50747,50191,53248,41216,0,57344,53504,53760,54016,50176,50177,62209,50178,51713,4353,57858,58116,50184,60425,52498,52499,60165,52234,58379,50454,52503,4611,58118,50188,60429,52506,50459,49927,61440,61696,61952,58112,58113,4609,58114,59649,61440,61696,57856,57857,4353,57858,61440,57600,57601,0,0,53248,41216,0,30720,45056,33024,33280,25344,35585,27650,27651,35329,27394,33539,25606,27655,45313,33282,25348,35589,27658,25611,25091,57344,57600,49664,59905,51970,51971,59649,51714,57859,49926,51975,57344,49408,59649,51714,51715,0,22528,14592,14593,30720,30720,22528,14592,20737,12802,14851,30720,57344,49408,51457,0,30720,45056,33024,25088,35329,27394,25347,24833,57344,49408,59649,51714,49667,0,22528,14592,12545,30720,0,0
eg0076v1|76|1|28|7|64|57344,57600,53760,54016,54272,50432,50433,62465,50434,51969,4609,58114,58372,50440,60681,52754,52755,60421,52490,58635,50710,52759,4867,58374,50444,60685,52762,50715,50183,61697,49666,57344,53504,53760,54016,50176,50177,62209,50178,51713,4353,57858,58116,50184,60425,52498,52499,60165,52234,58379,50454,52503,4611,58118,50188,60429,52506,50459,49927,61440,61696,61952,58112,58113,4609,58114,59649,61440,61696,57856,57857,4353,57858,61440,57600,57601,0,0,53248,41216,0,30720,45056,33024,33280,25344,35585,27650,27651,35329,27394,33539,25606,27655,45313,33282,25348,35589,27658,25611,25091,57344,57600,49664,59905,51970,51971,59649,51714,57859,49926,51975,57344,49408,59649,51714,51715,0,22528,14592,14593,30720,30720,22528,14592,20737,12802,14851,30720,57344,49408,51457,0,30720,45056,33024,25088,35329,27394,25347,24833,57344,49408,59649,51714,49667,0,22528,14592,12545,30720,0,0,53248,41216,0
eg0076v2|76|2|48|8|115|61440,256,4608,58112,513,13058,1028,1288,58896,3601,61218,61219,3337,60946,1555,59174,61223,13317,1290,58900,3605,61226,59179,58635,62211,62470,58636,58637,5127,58638,257,4610,58116,515,13062,1036,1304,58928,3633,61282,61283,3353,60978,1587,59238,61287,13325,1306,58932,3637,61290,59243,58651,60167,57344,61696,49664,57601,4610,58116,58376,50448,60689,52770,52771,60425,52498,58643,50726,52775,4869,58378,50452,60693,52778,50731,50187,53763,54022,50188,50189,62215,50190,53248,41216,0,57344,4352,57856,58112,50176,60417,52482,52483,60161,52226,58371,50438,52487,4609,58114,50180,60421,52490,50443,49923,53505,53762,49924,49925,61955,49926,45056,33024,33280,25344,35585,27650,27651,35329,27394,33539,25606,27655,45313,33282,25348,35589,27658,25611,25091,57344,57600,49664,59905,51970,51971,59649,51714,57859,49926,51975,57344,49408,59649,51714,51715,0,22528,14592,14593,30720,30720,22528,14592,20737,12802,14851,30720,57344,49408,51457,0,30720,45056,33024,25088,35329,27394,25347,24833,57344,49408,59649,51714,49667,0,22528,14592,12545,30720,0,0,61440,61696,57856,57857,4353,57858,61440,57600,57601,0,0,53248,41216,0,57344,61696,49664,57601,4610,58116,58376,50448,60689,52770,52771,60425,52498,58643,50726,52775,4869,58378,50452,60693,52778,50731,50187,51715,53248,41216,0,57344,4352,57856,58112,50176,60417,52482,52483,60161,52226,58371,50438,52487,4609,58114,50180,60421,52490,50443,49923,51457,45056,33024,33280,25344,35585,27650,27651,35329,27394,33539,25606,27655,45313,33282,25348,35589,27658,25611,25091,57344,57600,49664,59905,51970,51971,59649,51714,57859,49926,51975,57344,49408,59649,51714,51715,0,22528,14592,14593,30720,30720,22528,14592,20737,12802,14851,30720,57344,49408,51457,0,30720,45056,33024,25088,35329,27394,25347,24833,57344,49408,59649,51714,49667,0,22528,14592,12545,30720,0,0,30720
eg0076v3|76|3|48|8|115|61440,256,4608,58112,513,13058,1028,1288,58896,3601,61218,61219,3337,60946,1555,59174,61223,13317,1290,58900,3605,61226,59179,58635,60163,257,4610,58116,515,13062,1036,1304,58928,3633,61282,61283,3353,60978,1587,59238,61287,13325,1306,58932,3637,61290,59243,58651,62215,62478,58652,58653,5135,58654,57344,61696,49664,57601,4610,58116,58376,50448,60689,52770,52771,60425,52498,58643,50726,52775,4869,58378,50452,60693,52778,50731,50187,51715,53248,41216,0,57344,4352,57856,58112,50176,60417,52482,52483,60161,52226,58371,50438,52487,4609,58114,50180,60421,52490,50443,49923,51457,45056,33024,33280,25344,35585,27650,27651,35329,27394,33539,25606,27655,45313,33282,25348,35589,27658,25611,25091,57344,57600,49664,59905,51970,51971,59649,51714,57859,49926,51975,57344,49408,59649,51714,51715,0,22528,14592,14593,30720,30720,22528,14592,20737,12802,14851,30720,57344,49408,51457,0,30720,45056,33024,25088,35329,27394,25347,24833,57344,49408,59649,51714,49667,0,22528,14592,12545,30720,0,0,30720,57344,61696,49664,57601,4610,58116,58376,50448,60689,52770,52771,60425,52498,58643,50726,52775,4869,58378,50452,60693,52778,50731,50187,53763,54022,50188,50189,62215,50190,53248,41216,0,57344,4352,57856,58112,50176,60417,52482,52483,60161,52226,58371,50438,52487,4609,58114,50180,60421,52490,50443,49923,53505,53762,49924,49925,61955,49926,45056,33024,33280,25344,35585,27650,27651,35329,27394,33539,25606,27655,45313,33282,25348,35589,27658,25611,25091,57344,57600,49664,59905,51970,51971,59649,51714,57859,49926,51975,57344,49408,59649,51714,51715,0,22528,14592,14593,30720,30720,22528,14592,20737,12802,14851,30720,57344,49408,51457,0,30720,45056,33024,25088,35329,27394,25347,24833,57344,49408,59649,51714,49667,0,22528,14592,12545,30720,0,0,61440,61696,57856,57857,4353,57858,61440,57600,57601,0,0,53248,41216,0
eg0076v4|76|4|47|8|111|40960,28928,16896,24833,37378,25348,25608,17680,27921,20002,20003,27657,19730,25875,17958,20007,37637,25610,17684,27925,20010,17963,17419,20995,21254,17420,17421,29447,17422,24834,29188,17160,25093,37642,25620,25896,18000,28241,20386,20387,27945,20050,26195,18342,20391,37909,25898,18004,28245,20394,18347,17707,19211,53248,41216,0,57344,4352,57856,58112,50176,60417,52482,52483,60161,52226,58371,50438,52487,4609,58114,50180,60421,52490,50443,49923,53505,53762,49924,49925,61955,49926,45056,33024,33280,25344,35585,27650,27651,35329,27394,33539,25606,27655,45313,33282,25348,35589,27658,25611,25091,57344,57600,49664,59905,51970,51971,59649,51714,57859,49926,51975,57344,49408,59649,51714,51715,0,22528,14592,14593,30720,30720,22528,14592,20737,12802,14851,30720,57344,49408,51457,0,30720,45056,33024,25088,35329,27394,25347,24833,57344,49408,59649,51714,49667,0,22528,14592,12545,30720,0,0,61440,61696,57856,57857,4353,57858,61440,57600,57601,0,0,53248,41216,0,57344,61696,49664,57601,4610,58116,58376,50448,60689,52770,52771,60425,52498,58643,50726,52775,4869,58378,50452,60693,52778,50731,50187,51715,53248,41216,0,57344,4352,57856,58112,50176,60417,52482,52483,60161,52226,58371,50438,52487,4609,58114,50180,60421,52490,50443,49923,51457,45056,33024,33280,25344,35585,27650,27651,35329,27394,33539,25606,27655,45313,33282,25348,35589,27658,25611,25091,57344,57600,49664,59905,51970,51971,59649,51714,57859,49926,51975,57344,49408,59649,51714,51715,0,22528,14592,14593,30720,30720,22528,14592,20737,12802,14851,30720,57344,49408,51457,0,30720,45056,33024,25088,35329,27394,25347,24833,57344,49408,59649,51714,49667,0,22528,14592,12545,30720,0,0,30720
eg0079v0|79|0|17|6|50|57344,63744,57856,51968,49921,57601,6658,51972,4869,7178,52500,52501,7179,52502,50455,59907,51974,49927,18432,12544,6656,4609,57344,51456,49409,30720,0,57344,6400,51712,4609,6914,52228,52229,6915,52230,50183,59649,51714,49667,10240,55552,8449,10754,56068,56069,10755,56070,54023,30720,45056,47360,27136,27137,47361,27138,25091,10240,55552,55553,30720,30720,10240,55552,53505,30720,0,22528,14592,12545,30720,0
eg0079v1|79|1|17|6|50|57344,57600,6656,51968,4865,7170,52484,52485,7171,52486,50439,59905,51970,49923,63745,57858,51972,49925,57344,6400,51712,4609,6914,52228,52229,6915,52230,50183,59649,51714,49667,10240,55552,8449,10754,56068,56069,10755,56070,54023,30720,45056,47360,27136,27137,47361,27138,25091,10240,55552,55553,30720,30720,10240,55552,53505,30720,0,22528,14592,12545,30720,0,18432,12544,6656,4609,57344,51456,49409,30720,0
eg0080v0|80|0|11|7|37|14336,16640,16896,13056,5120,62720,7425,65026,65027,11009,64514,64001,45056,45312,41472,33536,25600,35841,27906,27907,39425,27394,26881,45056,41216,33280,25344,35585,27650,27651,39169,27138,49152,41216,33280,43521,35586,35587,57344,49408,59649,51714,51715,0,22528,14592,14593,30720,30720,18432,6400,30720,30720
eg0082v0|82|0|24|6|73|10240,57600,59904,56064,60161,54274,11267,54534,56583,10753,62210,58372,54536,54537,3077,56586,62211,11270,54540,54541,3079,56590,6401,53762,61440,63744,59904,64001,58114,15107,58374,60423,14593,514,62212,58376,58377,6917,60426,515,15110,58380,58381,6919,60430,26624,22784,26881,20994,43523,21254,23303,30720,26624,20736,43265,20994,23043,0,10240,53504,55553,0,30720,10240,61696,57856,54016,54017,2561,56066,61697,10754,54020,54021,2563,56070,57344,53504,49664,49665,63745,51714,61440,57600,57601,0,0,18432,6400,30720,57344,6400,49664,49665,63745,51714,10240,53504,53505,0,0,18432,6400,30720,14336,61696,0
eg0082v1|82|1|24|6|73|10240,6400,53760,57601,59906,56068,60165,54282,11275,54550,56599,10755,62214,58380,54552,54553,3085,56602,62215,11278,54556,54557,3087,56606,14336,61696,0,61440,63744,59904,64001,58114,15107,58374,60423,14593,514,62212,58376,58377,6917,60426,515,15110,58380,58381,6919,60430,26624,22784,26881,20994,43523,21254,23303,30720,26624,20736,43265,20994,23043,0,10240,53504,55553,0,30720,10240,61696,57856,54016,54017,2561,56066,61697,10754,54020,54021,2563,56070,57344,53504,49664,49665,63745,51714,61440,57600,57601,0,0,18432,6400,30720,57344,6400,49664,49665,63745,51714,10240,53504,53505,0,0,18432,6400,30720
eg0083v0|83|0|10|6|16|49152,55552,45568,56064,52224,34048,52225,36098,45569,35586,10240,256,10752,6912,54272,6913,56322,257,55810,53248,63744,59904,41728,59905,43778,10240,6400,53760,6401,55810,14336,61696,0,14336,63744,30720,53248,43264,30720
eg0085v0|85|0|3|2|15|22528,14592,14593,30720,30720
eg0085v1|85|1|4|3|9|57344,51456,59649,51714,51715,30720,22528,14592,14593,30720,30720
eg0085v2|85|2|4|3|9|57344,59648,51712,51713,51457,22528,14592,14593,30720,30720,30720
eg0086v0|86|0|3|2|4|61440,59648,57601,30720,0
eg0086v1|86|1|3|2|4|61440,57600,59649,0,30720
eg0087v0|87|0|7|4|29|57344,256,512,51968,61697,64002,49924,49152,49408,35328,49152,35072,30720,53248,55552,41472,18432,4352,0
eg0087v1|87|1|7|4|29|57344,61696,64000,49920,257,514,51972,53248,55552,41472,18432,4352,0,49152,49408,35328,49152,35072,30720
eg0091v0|91|0|25|6|63|26624,45312,39424,21248,20993,45570,43784,21520,21521,31497,23570,21523,27402,21524,25621,21802,21803,26881,23042,37379,27398,35852,21784,29709,23834,21787,40960,35072,16896,16641,41218,39432,17168,17169,27145,19218,17171,23050,17172,21269,17450,17451,14336,61696,0,0,40960,39168,16896,16897,26881,18946,16899,22786,16900,20997,17162,17163,10240,53504,53505,0,0,22528,14592,12545,30720,0,26624,20736,24833,20994,20995,0,61440,57600,57601,0,0,26624,22784,37121,27138,35588,21512,29445,23562,21515,30720,49152,39168,47616,33536,41473,35586,33539,26624,35072,20992,28929,23042,20995,18432,4352,0,57344,51456,49409,30720,0
eg0091v1|91|1|26|7|64|61440,16640,10752,58112,57857,16898,15112,58384,58385,2825,60434,58387,64266,58388,62485,58666,58667,4353,64002,60164,8965,64522,7444,58920,1301,60970,58923,40960,35072,16896,16641,41218,39432,17168,17169,27145,19218,17171,23050,17172,21269,17450,17451,14336,61696,0,0,40960,39168,16896,16897,26881,18946,16899,22786,16900,20997,17162,17163,10240,53504,53505,0,0,22528,14592,12545,30720,0,26624,20736,24833,20994,20995,0,61440,57600,57601,0,0,53248,47360,43520,57857,47874,56324,42248,50181,44298,42251,26624,22784,37121,27138,35588,21512,29445,23562,21515,30720,49152,39168,47616,33536,41473,35586,33539,26624,35072,20992,28929,23042,20995,18432,4352,0,57344,51456,49409,30720,0
eg0091v2|91|2|26|7|64|61440,4352,64000,60160,8961,64514,7428,58888,1285,60938,58891,16641,10756,58120,57861,16902,15128,58416,58417,2841,60466,58419,64282,58420,62517,58730,58731,53248,47360,43520,57857,47874,56324,42248,50181,44298,42251,26624,22784,37121,27138,35588,21512,29445,23562,21515,30720,49152,39168,47616,33536,41473,35586,33539,26624,35072,20992,28929,23042,20995,18432,4352,0,57344,51456,49409,30720,0,40960,35072,16896,16641,41218,39432,17168,17169,27145,19218,17171,23050,17172,21269,17450,17451,14336,61696,0,0,40960,39168,16896,16897,26881,18946,16899,22786,16900,20997,17162,17163,10240,53504,53505,0,0,22528,14592,12545,30720,0,26624,20736,24833,20994,20995,0,61440,57600,57601,0,0
eg0093v0|93|0|20|7|43|26624,28928,25088,21248,43777,21506,21507,31233,23298,45827,21516,37901,21786,41998,42268,24120,24121,23837,28929,20994,20995,57344,53504,49664,6657,49922,49923,59649,51714,8707,49932,781,50202,4878,5148,52536,52537,52253,61440,57600,14593,57858,57859,0,10240,53504,53505,0,0,22528,14592,37121,12804,29189,13066,33286,33548,15384,15385,15117,30720,40960,16640,33025,16898,37122,37380,19208,19209,18949,0,49152,33024,0,45056,45312,27136,27137,26881,45056,26880,26881,30720,30720,30720,57344,49408,49409,0,0
eg0093v1|93|1|21|7|44|61440,256,61952,58112,15105,58370,58371,2561,60162,17155,58380,9229,58650,13326,13596,60984,60985,60701,4353,514,58116,58117,57344,53504,49664,6657,49922,49923,59649,51714,8707,49932,781,50202,4878,5148,52536,52537,52253,61440,57600,14593,57858,57859,0,10240,53504,53505,0,0,22528,14592,37121,12804,29189,13066,33286,33548,15384,15385,15117,30720,40960,16640,33025,16898,37122,37380,19208,19209,18949,0,49152,33024,0,45056,45312,27136,27137,26881,45056,26880,26881,30720,30720,30720,53248,49408,41472,41473,57344,49408,49409,0,0
eg0093v2|93|2|21|7|44|61440,4352,512,58112,58113,257,61954,58116,15109,58378,58379,2563,60166,17159,58396,9245,58682,13342,13628,61048,61049,60733,53248,49408,41472,41473,57344,49408,49409,0,0,57344,53504,49664,6657,49922,49923,59649,51714,8707,49932,781,50202,4878,5148,52536,52537,52253,61440,57600,14593,57858,57859,0,10240,53504,53505,0,0,22528,14592,37121,12804,29189,13066,33286,33548,15384,15385,15117,30720,40960,16640,33025,16898,37122,37380,19208,19209,18949,0,49152,33024,0,45056,45312,27136,27137,26881,45056,26880,26881,30720,30720,30720
eg0093v3|93|3|20|6|40|40960,20736,16896,39425,17154,17155,26881,18946,41475,17164,33549,17434,37646,37916,19768,19769,19485,28930,25092,17160,17161,61440,57600,14593,57858,57859,0,10240,53504,53505,0,0,22528,14592,37121,12804,29189,13066,33286,33548,15384,15385,15117,30720,40960,16640,33025,16898,37122,37380,19208,19209,18949,0,49152,33024,0,45056,45312,27136,27137,26881,45056,26880,26881,30720,30720,30720,53248,49408,41472,41473,57344,49408,49409,0,0
eg0094v0|94|0|17|6|50|57344,53504,8704,49920,56065,50178,50179,54018,1028,52488,50181,64001,58114,50180,60421,52490,50443,49409,61440,16640,57856,64001,58114,58115,61954,8964,60424,58117,6401,514,58116,2821,60426,58379,40960,16640,22785,16898,16899,20738,33284,19208,16901,0,26624,20736,20737,0,0,61440,8448,59904,57601,49152,35072,30720,0,18432,12544,4608,14849,6914,4867,57344,49408,59649,51714,49667,0,22528,14592,12545,30720,0,0
eg0094v1|94|1|17|6|50|57344,49408,53505,8706,49928,56073,50194,50195,54026,1044,52520,50197,64003,58118,50188,60429,52506,50459,0,61440,16640,57856,64001,58114,58115,61954,8964,60424,58117,6401,514,58116,2821,60426,58379,40960,16640,22785,16898,16899,20738,33284,19208,16901,0,26624,20736,20737,0,0,61440,8448,59904,57601,49152,35072,30720,0,18432,12544,4608,14849,6914,4867,57344,49408,59649,51714,49667,0,22528,14592,12545,30720,0
eg0094v2|94|2|19|6|55|61440,256,57856,16897,58116,64261,58378,58379,62214,9228,60696,58381,257,57858,6659,774,58380,3085,60698,58651,57344,49408,8449,49668,55813,49930,49931,53766,780,52248,49933,0,40960,16640,22785,16898,16899,20738,33284,19208,16901,0,26624,20736,20737,0,0,61440,8448,59904,57601,49152,35072,30720,0,57344,49408,63745,57858,49924,60165,52234,50187,0,18432,12544,4608,14849,6914,4867,57344,49408,59649,51714,49667,0,22528,14592,12545,30720,0
eg0094v3|94|3|19|6|55|61440,256,57856,6657,770,58372,3077,60682,58635,257,57858,16899,58124,64269,58394,58395,62222,9244,60728,58397,57344,49408,63745,57858,49924,60165,52234,50187,0,18432,12544,4608,14849,6914,4867,57344,49408,59649,51714,49667,0,22528,14592,12545,30720,0,57344,49408,8449,49668,55813,49930,49931,53766,780,52248,49933,0,40960,16640,22785,16898,16899,20738,33284,19208,16901,0,26624,20736,20737,0,0,61440,8448,59904,57601,49152,35072,30720,0
eg0094v4|94|4|18|6|51|40960,16640,41217,16900,23045,17162,17163,20998,33548,19480,17165,24834,16900,31237,25354,17428,27669,19754,17707,0,40960,16640,22785,16898,16899,20738,33284,19208,16901,0,26624,20736,20737,0,0,61440,8448,59904,57601,49152,35072,30720,0,57344,49408,63745,57858,49924,60165,52234,50187,0,18432,12544,4608,14849,6914,4867,57344,49408,59649,51714,49667,0,22528,14592,12545,30720,0
eg0096v0|96|0|3|3|16|14336,10496,61952,18432,4352,0
eg0097v0|97|0|4|4|3|53248,59648,53760,43776,14336,8448,64000,53248,43264,30720
eg0099v0|99|0|11|6|20|53248,59648,49664,45824,64512,42240,44289,60417,42242,51969,44034,41987,14336,4352,512,19200,62464,64513,15105,62466,6657,64258,62211,57344,53504,6656,49920,51969,2561,49922,59649,51714,49667,61440,14592,57856,59905,10497,57858,10240,53504,55553,0,30720,14336,61696,0,22528,14592,12545,30720,0
